#default_param = {'C_m_d': 23.67372778891213, 'C_m_s': 246.7882968598874, 'Ca_0': 0.0001, 'Ca_th': 0.00043, 'V_reset': -61.73952230767877, 'd_BAP': 0.1195980511869619, 'delta_T': 2.0, 'e_K': -90.0, 'e_L_d': -55.000000000000014, 'e_L_s': -69.24596493128396, 'e_Na_Adex': -50.0, 'exp_K_Ca': 4.8, 'g_C_d': 19.777320239615996, 'g_L_d': 3.377855016658499, 'g_L_s': 5.0, 'g_w': 1.1156385639067352, 'gbar_Ca': 21.045506331690845, 'gbar_K_Ca': 13.199867205029523, 'h_half': -21.0, 'h_slope': -0.5, 'm_half': -9.0, 'm_slope': 0.5, 'phi': 3.92830985228413e-08, 't_ref': 0.0, 'tau_decay_Ca': 103.57233790866408, 'tau_h': 80.0, 'tau_m': 15.0, 'tau_m_K_Ca': 1.0, 'w_BAP': 27.995561755479308}

multi_compartment: True
neuron_kind: "excitatory"
equation_params:
    C_m_d: 23.67372778891213
    C_m_s: 246.7882968598874
    Ca_0: 0.0001
    Ca_th: 0.00043
    V_reset: -61.73952230767877
    d_BAP: 0.1195980511869619
    delta_T: 2.0
    e_K: -90.0
    e_L_d: -55.000000000000014
    e_L_s: -69.24596493128396
    e_Na_Adex: -50.0
    exp_K_Ca: 4.8
    g_C_d: 19.777320239615996
    g_L_d: 3.377855016658499
    g_L_s: 5.0
    g_w: 1.1156385639067352
    gbar_Ca: 21.045506331690845
    gbar_K_Ca: 13.199867205029523
    h_half: -21.0
    h_slope: -0.5
    m_half: -9.0
    m_slope: 0.5
    phi: 3.92830985228413e-08
    t_ref: 0.0
    tau_decay_Ca: 103.57233790866408
    tau_h: 80.0
    tau_m: 15.0
    tau_m_K_Ca: 1.0
    w_BAP: 27.995561755479308
    #FITNESS 2024-0805(0.6714508515601276, 0.008264462809917356, 0.00011814744801512286, 0.025803288188312394, 0.05472861807622372, 0.001066856330014243, 0.0, 0.025869235659445447, 0.0001020408163265306, 0.0, 0.0, 0.0, 0.00510204081632653, 0.010000000000000002, 0.0, 0.06592754807805606, 0.0, 0.0, 0.0, 0.3386858371405536, 0.05625000000000001, 0.07953277619693654)
    tau_w: 500.0
    a: 0
    b: 40.0
    #the following must be aligned with V_peak of AdEx
    V_th: -40.0
NREM_changers:
    #followings to change brain-state
    b_NREM: 200.0
    g_C_d_NREM_multiplier: 0.0     
    delta_e_L_s_NREM: -5.0
    delta_e_L_d_NREM: -5.0 
receptors:
    exc_AMPA_matching_alpha:
        tau_r_AMPA: .173
        tau_d_AMPA: .227
        e_AMPA: 0.
        default_receptor_index: 9.
        comment: "used to match alpha function with tau = .2 ms for AdEx like excitatory input"
    inh_AMPA_matching_alpha:
        tau_r_AMPA: 1.73
        tau_d_AMPA: 2.27
        e_AMPA: -85.
        default_receptor_index: 10.
        comment: "used to match alpha function with tau = 2.0 ms for AdEx like inhibitory input"
    exc_AMPA_BAP:
        tau_r_AMPA: .2
        tau_d_AMPA: 3.0
        e_AMPA: 0.
        default_receptor_index: 1.
        comment: "used to induce BAP like distal stimulus"
    REFRACT:
        g_refract: 100000., 
        default_receptor_index: 4.
        comment: "special receptor to create refractory behaviour"   
    ADAPT:
        default_receptor_index: 5.
        comment: "special receptor to create spike frequency adaptation"       
      
      
      


